1987054712
1572511106
288616351
1989013738
143839767
323834827
1798313104
1210991185
1923134065
1634428022
1097094376
1855057069
1353107279
1121363573
1183927252
1025284757
1551475370
1322249064
1564961893
113886271
854342267
1910504436
1639233202
1921623988
1523198085
337631986
701991185
1145284572
1282601487
1245429210
1129918826
1169891737
2053326733
677825175
836322441
214899966
79085675
560404948
1374593103
1120976635
1588799103
983403385
557387299
1309669352
64720599
427937968
883700929
1782001116
443237697
1464316785
154715626
405811869
1338081724
362894618
1970079022
175731820
1674123191
57292382
2036782160
1664608837
453848027
1955041853
523943195
73095680
171222935
60970258
2014600769
683878753
175810722
1868535792
686004512
734145914
1213057157
862450240
1193452672
1129871528
1044442548
1078318618
636416770
459208403
1630311346
619328169
111661169
1345457450
781722840
961345849
818809478
1026352191
1539795530
1775649572
361961909
1791009383
713653794
617712922
500354517
275677386
2145193315
1473297224
826337574
2001086002
1890735057
299739619
969779765
1640782765
497810728
1804233005
1089327221
477711632
1730224609
583825563
512534826
1585307006
1251797567
1437426386
1850424398
758592051
1912140239
1872474160
434762686
902542547
1817533388
1038607231
352019946
864190587
482961039
1406715019
1129945125
280570950
57238107
38720049
1085866050
140871190
1120322016
602744378
688480410
1138734617
896164789
700763101
1211000121
1558328039
334121231
1773073114
27306344
1059598151
1136674241
1724346652
1671481578
474223110
964384410
1403347369
509190755
1514617483
1495352189
210775073
655007945
272481391
1538654807
1072298208
1346839955
580143892
1808515465
1922255558
1362010030
1025058060
1597534938
922739339
1630151590
1155403073
469545311
1811284953
576611604
682227716
2081484071
72645445
955458884
548929770
2142340314
1378916178
631730408
962080625
90903907
1045155099
1028498421
458167061
1695317300
961484491
167282641
306686876
76075406
1900034380
1050770353
523713470
1353092453
1493004901
414906525
600848540
675020867
1937970424
765756123
1846070755
578319528
727254404
745019429
71061622
79986611
449680018
2111174430
1701184748
1161247745
793918337
939626571
74681822
1470487417
1232480634
1928450228
1929489933
256491592
1096210532
431835502
520621488
1535535734
1638505744
1490523113
335647629
1949680598
109892724
899505093
290180069
1257242133
1099953280
1967306065
596648419
1389785222
1103713659
148660752
410528607
1912914788
1011511147
1450347335
798506455
1212769098
459403453
335173752
936300602
1392199020
1655685423
568896516
192942519
746838094
790390514
170982099
201989941
376401881
1530620737
1498881692
908174381
178301490
1952938170
664693788
401875564
1470673744
1498783137
1899268094
961116124
1636403630
974388631
1604704522
1917429781
128010744
65960835
1155983510
276554378
255982540
1910914769
1418956079
5032942
1248925531
1656243124
1117535678
622488987
1140464066
1684985493
361300149
2028107610
1490424614
2021786100
748381796
1003260974
476485028
1144184106
1292841532
1005787803
536972920
854178078
1427613371
1272099087
1849593002
2115420273
2019639824
2008483118
1826726631
1247817818
162436141
62435311
254272335
1800193320
500641378
1951166794
995234891
1009724899
1886866917
1739426661
102139219
390839724
607991806
1775404160
766123177
328489850
1702480303
8597823
1401765991
115775128
1801983702
185982127
1723301070
1429197137
1208713208
1042786421
64931816
1349793690
1508383177
1483472336
1088576850
1154247065
1416484997
1963360796
2005099771
1617065839
277486650
312727116
239536271
250991494
498764079
597077332
520174296
784737180
941073434
688649232
937753396
838511525
1535254101
79291987
1940233624
1834648491
1398822022
249732230
1174690957
1315919924
1167172424
56471407
430136585
980990381
440557501
1511476955
1441423812
1692532094
815701618
1738985449
67837015
948910713
1600550165
1886934321
1067461342
575282235
656697985
1503419329
678499284
1083313359
854693392
998491612
916467508
1847404706
690591377
431070809
3273417
1408626178
1818091187
1945371559
271265617
1547885907
1814786097
490718569
1874235537
1670279552
53405722
1028264349
1040557748
668406021
1252788371
1840033187
1203357706
1857471513
592875883
1096696780
1975473814
347544013
1644651035
912551562
2143719886
121665316
1365109289
598953279
1117068822
711123737
2078593255
472221179
58441059
835717733
999136555
1350159885
1878992965
804907492
186619488
45419115
433959211
894348281
1650828572
1596416744
1995477306
1496917545
1429110795
547335338
129139099
1847658023
186281617
424843632
2146445368
1731964978
565593225
1630221032
1655531060
114317286
1865216258
1193536556
55817750
1689520739
1495988137
1763060965
505289009
1007719375
1138723667
927194552
1381743726
623211863
675550830
593286554
1937942616
1168257583
1855148601
489027450
1172642431
1800306770
1740996580
1647579622
1227594971
875503188
837484160
768416110
1381588552
2099596657
1766393471
773955038
566363007
1835819446
335737109
2115814833
556689934
547739596
1787323002
154754076
577957138
408416887
463612532
1293993981
1461540884
1337669596
1885317617
521089949
1562157161
2039645461
1512379732
572324989
94743904
67718431
1968613292
1151356514
1719133804
1028883287
2086990735
877659757
312076206
1310436554
1531049988
1182362386
750588643
1840239638
1206335859
1476404934
758375219
281606674
993885339
961227371
52037997
402081379
1313869881
1476237274
933798353
1084663836
1358061901
962674829
1416845100
2044271064
135560844
1346498945
1413428926
750840197
707065151
867405905
1475401307
1996302034
1174882411
127611637
1688908037
336968557
641035614
1874079082
1590026068
540965946
253547212
517168724
1579093998
801583534
1038142185
1835693543
576120336
754030757
1588663733
757616201
1513024970
477823628
1652341734
964027647
1186431864
1175520217
2107004843
842013005
1066580623
394041443
617832898
1688615047
556335587
194846710
2131076361
1139140236
1683523437
454260208
961751741
220317221
31164197
1365776207
2070116351
1001491243
1164756905
99719114
13197608
23644448
1057500940
1370372687
1822527496
1611780821
590881552
92967440
1582301137
1961516407
856216667
1844872583
1143614547
449741059
12164106
1327638635
1598156591
1567985619
2146206202
227478665
188714384
79316502
225011840
107480428
1072418274
1121950694
797511744
1299824531
1525368505
957233904
1066726556
240677386
1360400293
1029857652
727597343
576295103
1106659133
493355360
1602200808
1432334441
1034854240
1019718533
1211202089
278794119
1442403470
1433515304
890311109
1375577545
101015674
355520117
1394659046
584537605
2036954798
2064130750
549751126
119206404
1025625286
948291417
1038997388
1260873978
1181198047
739846110
1857859911
694811171
509260607
1152712934
276342845
225746149
221033003
2042447024
1901446326
2049815353
359648889
1857076220
944957772
1799002407
1883764609
1026986034
469353310
120179193
947530052
263709049
163185950
1024599264
906714535
517917746
1238362184
1765330086
255652013
1970701565
541488222
1662453009
399466217
1747832080
1989122672
1335430472
1915654181
2141181804
1016485304
1426649046
855173677
1931578757
458116629
831350027
1268188350
2088686723
1357148884
271301595
220537117
298271233
2054879784
860117578
1641084203
2097678769
1080226110
1919240508
1943695258
169142968
1088311878
817337478
345381020
289712002
1625219398
1474866544
1666698346
245083664
1575228603
161882122
2061476812
1578285056
251846261
1390855055
497515082
398879233
1211449530
1669686019
890910840
944163559
270737223
190759166
1308694847
589656503
26658230
1288730406
1825014427
1126981565
467433012
1787766376
1967953737
979308172
49314065
1657982670
395483779
126004794
1424239186
494744291
1844478597
317187435
1456753415
415798979
455823571
1726462717
1319684683
2032832739
461251207
651669411
356941065
990952521
1127514103
1366156142
1773809240
247132320
336773326
256966706
953650740
840457996
64118904
1419667643
2067792480
1747090999
1341377293
1735289608
551909100
30523793
546851702
975575464
1681436408
1289517256
766144581
1604158439
1626567702
671335993
1877511864
1009707986
2125168822
2043880337
796603651
761958390
957101495
710501970
1044776637
600440643
2023845150
938128430
46847796
1091857692
100027117
1958709088
1093866639
1089520672
759100979
193442159
990827438
350538009
385024560
1677255509
603808276
1061105975
1649027271
1738030497
250238592
214545301
1762740854
1256538711
1567725798
251065567
835423131
970355887
31326516
763858352
466538081
1694179580
1234795099
1327382958
2116518160
1998886426
1368509957
962433443
443831070
1400385947
1344243256
1881465939
311257012
1700958162
1814105958
2018348138
388213926
7864272
866472527
1601901832
284858127
1013548263
1010868708
448223292
1217349521
952183328
481936522
887976604
751544883
763934052
823124844
1700089511
1078237065
1909577427
1531243549
60602108
1343195000
988190120
881769703
829825372
651943726
919381660
466912379
1962347900
681525678
1876443058
1312183791
669180259
125746356
1454002348
2083812998
1047249148
1344862117
474997131
1093048920
1941306793
1804164112
1170350500
206423091
862144111
1280537848
128514496
1482715942
126673660
210817114
733621173
1319957928
1297837496
528388335
132389016
532592787
1025773515
1632023180
1890455938
123960672
1577943789
1202429476
356077761
1151867501
397826652
405122413
1098727109
1621819259
1337671499
1616487663
1735754022
1046977923
1061693146
763885857
1634789868
701358846
441167611
1654143099
1784488578
1621067284
1509745138
1801365895
1691169530
1045269005
208041095
397485741
1037305712
1953000138
1850418560
1909505868
1626149719
373764576
623353449
153681284
86864404
529196056
477008141
620344950
1159167249
1071182480
1237748923
1473109428
878480636
941249627
1961173953
1156397221
2128708915
1698732242
1288724654
788879345
849485436
1568628197
537036265
1349015876
1309645198
1972580557
348885203
149256064
2122766021
1215336395
187931963
1687186053
1993056092
49592644
1344261761
1958309377
364664836
98933836
1220422765
479826203
1414380270
1730258859
1994745886
42233315
1992674032
1253026351
230468323
378191385
31962577
868394192
786208575
699153366
418107136
466334951
42249614
1919178003
1508881164
1182516333
398237261
1661537435
494391726
1329025504
1016144957
1389844003
2124971756
80511213
90705197
1790621330
819032998
2077897722
427149528
1751605697
815702173
629651764
263139510
1424153809
824263150
352001998
765035789
572026173
18574839
1955795545
228115709
747807470
1275940498
1887909221
1443257448
462959553
410705787
258524744
241448960
2088286301
1233853590
2129665924
912606286
1274429831
638201519
834779217
1099654429
1668955279
1209904418
1199288114
1213021815
28398873
482903619
272681553
2014267062
411660654
1516327511
1906981665
604803981
847257641
1145218878
1603282448
1198214440
1013058665
16838314
1083767942
1352877361
266658078
796780356
1990505480
501114220
608355727
1017499645
2035005939
1307330477
718748686
688521709
95686310
1367630247
1447712184
617433494
1322641471
909065912
2037434941
1146425911
1927583523
827367599
635349850
2047023110
253083665
1845970119
1944432456
875334933
1987617793
232470438
1800324985
1227703877
1490179185
1715255235
1045984014
351164422
2096043468
1094298655
782577835
1259748188
1431067785
1360952957
1720729476
1505090112
526648430
774405451
640592723
978204500
382945987
467109059
1683744948
1332639531
1734910549
1318528447
1977501459
1527305344
1710483553
1035759952
1831967606
827738864
717473353
532272774
2143867579
877529842
1686079116
1492665646
586298455
229285336
1441559007
872669273
135208229
507706780
948519405
876109420
1936985605
818097760
1640931838
1684752558
1212876576
314806148
2040292876
423993071
1785353319
1365496580
1628722027
885636113
2024538110
1965901533
48886353
1332135335
993249476
578260179
1819273965
1723195471
667078135
1710782959
1798882660
570724285
1237436248
1326459493
1084170941
1278804947
982936890
2140693604
61369019
1585577027
942145550
602339787
1161883612
279776000
1183009520
999395210
1055051020
549096636
1281739591
676176743
312540037
288926856
1447492113
502923757
561724918
846364116
1399790825
80286504
505795904
1448766538
1376608939
1454618530
1036930774
1414474610
1281566498
550883231
621322289
1584560245
95507671
1434950743
2111942281
1150525631
660164063
1587251617
403899614
1205655231
935837242
1459800520
1422154814
407513074
729631717
1367134808
1365502863
695045496
168128338
1158427469
1953775773
895901490
292581408
1731358784
669508265
264363947
1707435088
1195146063
699049302
1304869333
821547353
124575147
258789154
1151527936
303730246
187746975
213636724
1047151230
398340528
508933622
812692708
535815589
193767031
2035012441
1356318886
513885111
1976440124
719813075
1200358921
1100949747
815916394
1194623359
781032590
1984625360
1701734460
367585917
348085259
2042348017
800488105
331028722
1820729804
806608505
2007318953
354197986
1190570160
1539266324
1311124523
567190707
2078259524
1776927889
2111927959
2036987777
1663989219
1202762291
143571250
1579607231
1807343949
218023196
1954533388
205118568
1771289578
1678529876
1063757200
616548394
246135360
2083341611
428198152
1896584628
276490096
1598519793
1110912943
644844972